711451968390
727238358361
1469183647170
492324138583
108161436152
1323657147781
896146138262
1678546966939
1483929318392
1597561858477
831649815901
1237504873815
156833163007
7758587154
360562088196
1049482211032
1430252216884
138639609244
841908067876
1833460357852
1513887250081
1193225157643
480754411199
974959284725
1382756782981
728132248572
1323428571132
1150504493116
92547264277
1586120734919
1477431444718
1132725457035
1131891581936
1720984916300
1120337436610
437179441602
264218476256
1400548850569
632223331265
1630826069313
1790731144999
85653559537
1684386697183
495330358362
157168523151
1440986735105
1792813086639
937761393046
492801041183
1229007563937
604813665405
407853072255
1097317323381
1117353862743
422151123650
310169443345
260021847759
157567665897
223610209507
1817054405699
667940736257
615558574561
415333453261
1435989777003
1688418950876
192936688397
1335997777869
323349555446
858583595733
1548022534834
468590886603
1185708194456
163189719386
222892599157
653904260799
1086781439297
1602603511808
1602096512006
233361570222
684628421545
437387672107
827009257693
1763270979998
1467390225815
1312558203327
399115648112
1067745893292
811749378248
718309284811
545945283482
1326453116073
254954843902
276159442934
1137447591341