1167516254425
107018228678
1448164246276
203475855467
1737858061464
838687996177
137010380565
1278939440199
1645625343380
183301500512
722315374527
1224254613733
844759787517
1543940274728
446469405610
1510111621821
1752472459361
1326470831591
674861751735
715203583814
1809124943891
984125498998
53014284106
1412538695505
801182779785
1187431026888
615620162967
82575371150
1040511542259
1422203019907
1423513850696
565316370534
1412936810992
577284380762
353389035405
453561412885
1309206559773
97169204219
1174833737043
1141402971092
1249244725388
698683350316
165595674209
1214167220384
396498953133
1547979782136
1015057703984
797498909842
40304114521
369005215974
995272811431
1118192620430
198310237111
1232537614078
212783705298
803164549223
1318787258687
1340761556501
599539069585
1154562600042
623804761860
1803817797619
1017125132597
1397075203916
1581935289344
1362538215047
1661077046022
792436315871
768976019129
1281711932402
428844319673
397595122245
1565595938367
200667123123
238616969383
768040399998
519840416764
1265779438426
348340943093
1034500468044
500046104439
978435485560
1532916005810
1248953351565
1603641813422
858489255465
1757839672821
693903557221
428041092143
1285513567730
1777541584343
1240282083330
1283610994341
1464236675608